3.318021
2.723174
2.396107
2.172265
2.002595
1.866023
1.751605
1.652951
1.566021
1.488118
1.417372
1.352447
1.292369
1.236412
1.184024
1.134780
1.088344
1.044448
1.002871
0.963428
0.925962
0.890336
0.856431
0.824139
0.793362
0.764012
0.736008
0.709273
0.683739
0.659339
0.636013
0.613703
0.592355
0.571920
0.552349
0.533599
0.515628
0.498395
0.481865
0.466001
0.450771
0.436144
0.422091
0.408584
0.395597
0.383105
0.371086
0.359517
0.348377
0.337648
0.327310
0.317347
0.307740
0.298476
0.289539
0.280915
0.272590
0.264552
0.256789
0.249290
0.242044
0.235040
0.228269
0.221721
0.215387
0.209260
0.203331
0.197592
0.192037
0.186658
0.181448
0.176402
0.171513
0.166775
0.162183
0.157732
0.153417
0.149232
0.145174
0.141237
0.137418
0.133713
0.130117
0.126627
0.123239
0.119950
0.116756
0.113655
0.110643
0.107718
0.104876
0.102115
0.099433
0.096826
0.094292
0.091830
0.089436
0.087109
0.084847
0.082647
