0.001176
0.001224
0.001402
0.001493
0.001539
0.001572
0.001595
0.001698
0.002038
0.001900
0.001967
0.002046
0.002160
0.002243
0.002327
0.002408
0.002531
0.002682
0.002709
0.002735
0.002838
0.002850
0.003121
0.003133
0.003285
0.003388
0.003501
0.003380
0.003605
0.003757
0.003693
0.000258
0.000275
0.000328
0.000326
0.000335
0.000342
0.000358
0.000370
0.000430
0.000412
0.000449
0.000437
0.000463
0.000488
0.000493
0.000529
0.000520
0.000532
0.000553
0.000565
0.000576
0.000606
0.000619
0.000635
0.000659
0.000653
0.000694
0.000697
0.000705
0.000716
0.000738